33674708
3990914
51224285
25683251
4717304
52710209
3081722
5626931
104823
24239256
31000456
1179650
16219087
71205929
8432851
5651679
7302570
44770518
2612079
269235
4851964
4391094
3571171
8906222
46147310
4391611
1570669
2574606
152460399
10160415
2562832
251943
30978160
26177107
28798380
51221960
7110209
80115954
100745367
1806073
1605591
16576124
18085807
104503042
11757728
1072582
41715705
1151637
4034227
44279580
10553671
52545435
25184600
16731747
9472704
4646128
4929450
4131979
12618229
279256
870755
3472444
13631526
3734915
14514998
4685500
2933855
1222379
3030788
12221088
27402361
16056426
81854535
8734459
88016767
3920693
1019021
5253785
2431437
93149311
13341540
11931807
53555116
3089655
32532051
50448
9098678
12404
6873636
40688075
22819383
18244539
60147675
2602702
5465462
75860103
14302918
1113032
21960265
8184820
1371882
2281988
5210022
124033258
922495
4642710
3258178
5872506
1601382
14457130
6678151
44098542
22888935
32879029
405390
3498889
2026178
4159922
33939264
46859338
11183856
25375513
7353428
4444249
68646591
25556913
1720620
16865002
66670237
3073485
13070326
69013291
21651564
186853
24337665
2745288
1849639
51462925
1892441
10336538
16384209
1669197
4866450
10682103
25894509
19925133
3672777
32726092
60886838
1232712
2657664
18384692
974210
6089955
2294090
2913816
430751
73231193
2225246
1162953
52677643
4598713
19521241
7205303
3427339
68029956
70651830
23133809
5574208
154524237
7668522
91747222
2190064
4100763
10367112
30222072
4326315
4530043
10717098
25388909
4514828
885584
106638288
1654645
46068563
43377498
28967089
23244211
8512869
106692
36817401
31880928
10915830
5496690
541416
5126172
23385697
52537298
91822086
1
44673856
1526851
4216480
5912889
4176715
7365405
109778650
45618
18104163
25353295
141080755
59802997
6743601
7367573
1323157
19714462
32730479
11237615
5293536
11284813
914795
1005037
1381728
63674323
3734681
14701283
5451550
1125613
1053760
16060275
104868490
33273494
1413439
3023796
607804
87796500
9916227
4379514
88247398
122647
5498948
73494872
83180
3849903
40957030
77805119
71848701
13235258
8091367
970632
1380067
721595
597461
131922
17755575
5860019
83582
1429160
11745914
26464437
58774673
9684061
864675
4527753
16254355
111921
1362506
6023393
7377888
11333561
3850379
19871593
3078602
98537597
68030
19977507
73327119
3977017
11626803
14105531
2164884
38946743
6868829
4365117
32340179
8114361
3098682
23102950
23954351
1964146
30604861
1036893
15335689
4125660
237469
18605210
9303625
